11
44
46
72
87
146
190
195
199
209
275
290
291
296
356
393
393
401
439
477
487
490
522
548
618
647
653
657
713
781
803
846
871
889
919
947
1033
1091
1237
1238
1239
1278
1289
1301
1304
1352
1394
1406
1420
1427
1445
1465
1499
1531
1674
1761
1783
1837
1865
1884
1888
1916
1917
1937
1940
1976
1992
2075
2078
2109
2134
2160
2181
2196
2207
2214
2279
2306
2319
2327
2349
2361
2376
2403
2459
2552
2559
2576
2612
2624
2641
2698
2750
2793
2805
2807
2858
2912
2918
2921
2978
3010
3037
3042
3059
3104
3128
3163
3197
3201
3209
3212
3229
3291
3372
3396
3397
3414
3480
3571
3581
3582
3583
3623
3642
3668
3693
3720
3725
3808
3841
3844
3878
3898
3919
3951
3964
4032
4077
4175
4241
4424
4428
4440
4461
4467
4502
4543
4550
4638
4647
4647
4704
4739
4755
4758
4812
4947
4975
4978
5014
5030
5042
5120
5215
5224
5282
5330
5351
5353
5353
5368
5426
5468
5535
5552
5570
5607
5624
5638
5652
5666
5673
5691
5715
5745
5750
5802
5807
5818
5824
5836
5861
5867
5888
5905
5910
5965
5981
6008
6126
6172
6183
6194
6235
6252
6262
6269
6273
6323
6323
6325
6326
6334
6394
6409
6554
6595
6626
6670
6673
6680
6717
6730
6783
6847
6854
6881
6894
6896
6897
6898
6927
6931
6968
6991
7043
7063
7080
7094
7127
7146
7212
7224
7260
7275
7279
7345
7399
7466
7501
7575
7596
7621
7648
7663
7722
7724
7771
7784
7885
7901
7938
7939
7945
7967
7968
7969
7989
7991
8005
8070
8097
8113
8161
8192
8232
8239
8327
8360
8362
8377
8430
8455
8500
8592
8664
8691
8704
8717
8740
8794
8863
8917
8999
9083
9136
9151
9176
9193
9202
9242
9282
9304
9363
9434
9434
9479
9500
9501
9504
9517
9553
9572
9594
9668
9680
9841
9846
9866
10095
10104
10112
10157
10240
10241
10243
10274
10319
10501
10502
10545
10582
10621
10657
10672
10699
10726
10728
10754
10791
10791
10801
10802
10831
10847
10847
10890
10932
10949
10962
10994
10997
11012
11109
11165
11181
11229
11265
11353
11387
11447
11463
11486
11486
11585
11646
11745
11766
11814
11844
11924
11978
11989
12018
12029
12079
12087
12104
12183
12201
12233
12242
12283
12338
12347
12362
12395
12548
12645
12652
12653
12662
12678
12831
12883
12918
13004
13004
13011
13039
13101
13102
13160
13217
13254
13262
13266
13277
13311
13349
13369
13372
13381
13402
13464
13468
13544
13574
13607
13661
13728
13729
13777
13787
13802
13838
13862
13869
13922
13939
13962
14030
14041
14066
14129
14205
14317
14349
14360
14378
14384
14430
14440
14442
14505
14551
14586
14610
14610
14623
14657
14708
14743
14807
14814
14815
14861
14866
14867
14877
14910
14995
15097
15104
15164
15229
15235
15240
15282
15290
15296
15344
15395
15424
15455
15456
15463
15520
15547
15618
15629
15656
15680
15697
15719
15781
15801
15818
15843
15869
15938
16027
16090
16092
16101
16126
16166
16208
16214
16229
16246
16259
16345
16356
16357
16375
16380
16431
16449
16483
16487
16497
16525
16588
16658
16660
16665
16675
16677
16733
16763
16830
16909
16953
17020
17028
17072
17076
17107
17129
17173
17193
17250
17252
17376
17381
17407
17464
17507
17527
17539
17593
17807
17846
17948
17960
17982
17995
18000
18026
18080
18121
18127
18129
18145
18147
18148
18183
18232
18276
18280
18293
18295
18307
18368
18401
18457
18486
18496
18561
18564
18567
18664
18668
18685
18743
18790
18797
18798
18810
18817
18863
18970
18983
18990
19050
19052
19054
19086
19087
19088
19131
19155
19167
19190
19193
19195
19230
19231
19254
19275
19309
19319
19324
19396
19426
19438
19512
19547
19598
19623
19627
19635
19641
19656
19664
19679
19740
19756
19785
19810
19812
19818
19834
19839
19863
19908
20054
20057
20127
20142
20156
20174
20242
20387
20420
20423
20447
20468
20477
20488
20507
20564
20616
20661
20709
20715
20726
20774
20774
20792
20840
20850
20853
20874
20895
20925
20982
20988
21000
21041
21068
21072
21077
21113
21164
21327
21400
21409
21465
21480
21519
21525
21545
21587
21626
21647
21656
21679
21710
21775
21822
21867
21880
21903
21906
21922
21954
21957
22014
22027
22058
22100
22117
22172
22198
22217
22244
22362
22363
22431
22432
22504
22576
22592
22605
22652
22676
22738
22801
22811
22823
22877
22937
22963
22967
22978
23018
23040
23048
23068
23119
23177
23187
23191
23229
23268
23302
23312
23386
23424
23491
23508
23561
23607
23615
23688
23694
23786
23824
23872
23886
23929
23936
23995
23997
24019
24033
24102
24110
24131
24229
24278
24280
24318
24319
24391
24475
24488
24493
24524
24529
24601
24615
24618
24655
24704
24782
24791
24834
24871
25003
25079
25082
25204
25218
25226
25246
25274
25353
25414
25436
25514
25522
25557
25568
25605
25616
25622
25661
25668
25692
25733
25768
25817
25830
25908
25938
25991
26043
26061
26143
26151
26162
26169
26194
26216
26348
26367
26375
26395
26399
26406
26511
26559
26572
26626
26686
26729
26758
26803
26812
26837
26841
26859
26860
26868
26880
26899
26947
26979
27004
27011
27109
27171
27179
27193
27195
27225
27327
27350
27353
27417
27445
27581
27605
27617
27622
27645
27670
27707
27763
27767
27778
27799
27831
27869
27880
27886
27986
28019
28156
28208
28293
28303
28333
28355
28366
28385
28462
28576
28581
28597
28653
28665
28674
28688
28700
28702
28790
28883
28883
28900
28928
28965
28998
29080
29081
29143
29333
29333
29388
29427
29431
29477
29477
29554
29561
29634
29657
29721
29741
29788
29796
29801
29807
29892
29902
29939
29966
29966
29968
30027
30059
30063
30075
30083
30095
30119
30123
30134
30200
30297
30298
30310
30371
30422
30444
30489
30511
30554
30557
30573
30600
30626
30657
30659
30666
30719
30728
30736
30737
30835
30874
30889
30892
30894
30958
31023
31095
31099
31157
31222
31235
31238
31242
31248
31298
31341
31370
31541
31547
31560
31598
31600
31628
31645
31705
31713
31758
31762
31782
31802
31815
31862
31897
31922
31950
31998
32131
32205
32209
32233
32261
32301
32321
32321
32327
32350
32383
32396
32540
32573
32688
32714
32722
32723
32727
32742
